4000 1200 8000 50 150 150 150
25 800 50 800 150 0 0
400 500 200 50 0 150 0 
600 600 300 50 0 0 150
700 700 400 50 0 150 150 
1000 600 200 50 150 0 0
1400 400 200 50 0 150 0
1000 200 200 50 150 150 0
800 0 200 50 150 0 150
1000 -200 200 50 150 0 0 
1200 -200 200 50 150 0 0
1800 0 200 50 0 150 150 
2400 400 200 50 150 150 150
2600 200 200 50 150 150 0
2800 0 200 50 150 0 150
3000 -200 200 50 150 0 0
3400 800 200 50 150 150 0 
4000 800 200 50 150 0 150
4600 800 200 50 0 0 150 
4800 600 200 50 0 150 0
5000 800 50 50 150 150 0
5400 700 50 50 150 0 150
5800 600 50 50 150 150 0 
5400 500 50 50 150 0 0
5800 400 50 50 0 0 150 
6200 200 25 50 150 150 0
6400 400 50 200 0 0 150



